-0.4867969
-0.434916
-0.3498204
0.07310981
-0.01677471
0.06518692
-0.4293716
-0.0498535
-0.202014
-0.1668244
0.2909372
-0.2831194
-0.1926802
0.496605
0.006664336
-0.02388531
-0.4520345
0.1237463
-0.1946622
0.4477242
0.4028037
0.2920911
-0.03892463
0.4015844
0.4252876
0.2269723
-0.084194
-0.4732473
0.1290637
-0.1107181
-0.1517987
0.2858888
0.4351243
0.3651268
0.3784999
-0.4505349
0.01271969
-0.3526213
0.275075
-0.08874136
-0.2954042
0.3475834
-0.06531125
0.2492318
-0.2085059
0.2032138
0.28133
-0.2103013
0.2617075
-0.2038745
-0.04335409
0.4272428
-0.2908196
0.2007809
-0.06936556
0.1967586
-0.4677005
0.4269361
-0.1188986
-0.3920438
-0.3023622
0.2856842
0.4117774
-0.2701831
-0.1695349
0.002199352
-0.4508413
0.3926083
0.4315233
0.3240662
-0.3921793
0.1253368
-0.3784363
-0.3423942
0.04003614
-0.005312502
-0.4059713
0.03228539
0.473637
0.3639385
0.1626484
-0.2596149
-0.2178127
-0.3547716
-0.3571972
-0.2211785
0.3385305
-0.3262078
-0.05680221
-0.298543
-0.4147292
-0.4441905
0.4166982
-0.1012319
-0.03883916
0.08387774
0.134811
0.1174801
-0.2028915
-0.01951784
0.140167
0.3537407
0.3237826
-0.2356455
0.1567374
0.4566696
0.2020656
-0.01181453
0.3438296
0.03517824
0.2399086
0.3007525
-0.341331
0.3187859
0.1999651
-0.2185925
-0.1092489
-0.3395391
0.2553928
0.001454201
0
