0.1682446
0.2496894
0.06191266
0.2897583
-0.3550758
0.3569593
0.06621403
0.2948997
0.2004307
-0.02119429
-0.2266282
-0.8425502
0.2783097
-0.1758562
-0.003382206
-1.082884
-0.205809
-0.2689687
-0.1274833
-0.125765
-0.6310783
0.03023355
-0.2304
0.03318024
0.143436
-0.1471835
0.4806852
0.2242045
0.2215721
0.06414902
0.3303483
0.1684164
-0.0667515
-0.3361567
0.3161998
-0.1289491
0.3593438
-0.4370905
0.2238446
-0.7269366
-0.5224105
-0.3627322
0.1873019
0.4885082
-0.153373
-0.8981838
0.07702881
-0.1074508
0.3613254
0.3053135
-0.8814479
-0.430933
0.09773529
0.3388377
-0.3185464
0.9189895
-0.1096141
-0.4282519
-0.7836654
-0.06634086
0.06967515
0.2890186
0.4802955
0.1583724
-0.1168484
0.2928995
0.08382338
0.2824308
-0.1679277
0.51841
-0.4249706
0.5647219
-0.08704704
-0.04833658
-0.03011443
-0.4211637
-0.9186604
-0.1874223
-0.1744953
-0.1858363
-0.6478472
-0.06970131
-0.1233334
-0.2616965
0.3714221
0.1676428
0.1943618
0.1821327
0.5314531
0.4714514
-0.2598681
-0.6549183
0.4103777
0.1203275
-0.6489828
-0.17933
0.1954467
-0.3918265
0.02395058
-0.3816745
-0.1495959
-0.05834949
-0.6123801
0.2122089
0.4833838
0.2244893
0.0702222
0.02022809
-0.6642433
0.252977
0.3100209
-0.09603685
-0.1222121
0.02739966
0.09605157
-0.5094276
0.6970075
-0.264742
0.03411114
-0.2581275
0.4368228
0.1500315
-0.4627075
0.04189306
0.4904999
-0.3611309
-0.2872534
-0.1514658
0.4061737
0.3883408
0.2534423
0.1886794
0.4653626
0.4162639
-0.2027616
0.2956805
0.08012474
0.05513084
-0.1785312
-0.2958173
0.7111692
0.1127977
-0.8736789
0.7081881
0.4058917
-0.07686765
0.468136
0.4859948
0.8145356
-0.3663422
-0.03022969
-0.04173976
-0.0005317926
0.1594829
-0.2243714
0.06524639
-0.1728241
-0.1390628
-0.4785218
-0.643472
-0.02822393
0.3275678
0.3193544
0.1099512
0.2391707
0.2558615
0.6900754
-0.04351175
-0.2385067
0.1633682
0.1632465
-0.6177687
-0.1135511
0.1753988
-0.2108832
0.6392127
0.06510717
0.6871454
0.4113875
0.03372401
-0.313216
-0.6350635
-0.169074
0.03714067
-0.3327315
-0.3712351
0.3440643
-0.6354851
-0.1285722
0.1444742
-0.2398548
0.2882111
0.4962165
-0.3418142
-0.3727121
-0.3363026
-0.301303
-0.5034822
0.2299671
0.03772287
0.2777772
0.07428128
0.5543658
0.3144141
-0.0676356
-0.3294624
0.158406
0.4726937
0.6152097
-0.2511812
0.03771317
-0.4968131
-0.2937539
-0.03451538
0.6130411
0.1132904
0.06833655
0.742214
-0.2676187
0.4474642
-0.6820973
-0.1517927
0.001793325
0.1268563
0.276151
0.3673178
-0.5879103
-0.1586723
-0.5056382
-0.7484435
0.0111953
0.1259685
-0.03288573
-0.125105
0.5181183
-0.4117703
0.4898145
-0.1446306
-0.4288199
0.3251845
-0.2630261
0.8650233
-0.1690739
0.3106345
0.4289134
-0.2152619
-0.7928554
0.2033047
-0.4378403
0.2993749
-0.1365447
0.0452441
0.1609422
-0.1256867
-0.675804
0.2131303
-0.1541596
0.3803541
0.648935
-0.1314463
0.4267232
0.1989261
-0.4995716
